         3  .36300E-02  .11143E+02  .30594E+04  .10000E+01  .76741E+00  .52989E+00  .72940E+02  .16766E-04  .15521E+00
   1   -1    1          11        0        0       -0.000000        10.000000      10.000000       14.142136        0.000510        0.000000        0.000000        0.000000
   2   0    1          22        0        0       -0.000000         -10.000000      10.000000       10.000000        0.000000        0.000000        0.000000        0.000000
   3   1    1          2212      0        0       -0.000000        -100.000000     -100.000000       141.43136        0.938272        0.000000        0.000000        0.000000
         3  .36300E-02  .11143E+02  .30594E+04  .10000E+01  .76741E+00  .52989E+00  .72940E+02  .16766E-04  .15521E+00
   1   -1    1          11        0        0       -0.000000        10.000000      10.000000       14.142136        0.000510        0.000000        0.000000        0.000000
   2   0    1          22        0        0       -0.000000         -10.000000      10.000000       10.000000        0.000000        0.000000        0.000000        0.000000
   3   1    1          2212      0        0       -0.000000        -100.000000     -100.000000       141.43136        0.938272        0.000000        0.000000        0.000000
  
 
